3719 NaN
3797 -0.625
3828 -0.625
3860 -0.625
3906 -0.3125
3938 -0.625
4063 -0.625
4110 -0.625
4141 -0.41666746
4172 0.0
4219 0.0
4250 0.0
4281 -0.52083254
4328 0.0
4360 0.0
4391 0.0
4438 0.0
4469 -0.41666746
4500 0.0
4531 0.0
4578 0.0
4610 0.0
4656 0.0
4688 0.0
4719 0.0
4781 0.0
4813 0.0
4844 0.0
4891 0.0
4922 0.0
4969 0.0
5000 0.0
5047 0.20833254
5078 0.20833254
5110 0.0
5172 0.0
5203 0.0
5235 0.0
5281 0.0
5313 0.0
5344 0.0
5391 -0.20833254
5422 -0.41666746
5485 -0.10416746
5531 0.0
5594 0.0
5625 0.0
5688 0.0
5750 -0.625
5781 -0.41666746
5828 0.0
5860 -0.41666746
5891 -0.44642925
5938 0.0
5985 0.0
6016 0.0
6047 0.0
6094 -0.625
6125 -0.625
6156 0.0
6203 -0.52083254
6250 -0.625
6281 0.0
6313 -0.3125
6360 -0.3125
6391 0.0
6438 0.0
6469 -0.10416746
6531 0.0
6563 0.0
6625 0.0
6672 0.0
6703 -0.390625
6735 0.0
6781 0.0
6844 -0.20833254
6875 -0.20833254
6922 -0.41666746
6953 0.0
7031 0.0
7078 0.0
7110 0.0
7156 0.0
7188 0.0
7235 0.0
7266 0.0
7297 0.0
7344 0.0
7375 0.0
7422 -0.3125
7469 0.0
7516 0.0
7563 0.0
7594 0.0
7641 0.0
7688 0.0
7735 -0.41666746
7766 -0.10416746
7828 -0.10416746
7860 0.0
7922 -0.20833254
7953 -0.20833254
8000 0.0
8031 0.0
8063 -0.3125
8110 -0.52083254
8141 0.0
8188 0.0
8235 0.0
8281 -0.625
8328 -0.41666746
8375 -0.20833254
8422 0.0
8469 0.0
8516 0.0
8547 -0.10416746
8594 0.0
8641 0.0
8688 -0.625
8750 -0.52083254
8781 0.0
8844 0.0
8875 -0.52083254
8906 -0.52083254
8953 0.0
9000 0.0
9047 0.0
9094 -0.20833254
9125 0.0
9156 0.0
9203 0.0
9235 0.0
9281 -0.52083254
9328 -0.26785612
9360 -0.20833254
9406 -0.20833254
9438 0.0
9485 0.0
9516 0.0
9563 0.0
9641 0.0
9688 0.0
9750 0.0
9797 0.0
9860 0.0
9906 0.0
9985 0.0
10016 0.0
10063 0.0
10110 0.0
10172 0.0
10203 0.0
10266 0.0
10297 0.0
10328 0.0
10360 0.0
10422 0.0
10438 0.0
10516 0.0
10563 -0.20833254
10610 0.0
10641 -0.20833254
10703 -0.20833254
10735 0.0
10781 0.0
10844 0.0
10875 0.0
10906 -0.10416746
10953 -0.10416746
11000 0.0
11047 0.0
11078 0.0
11110 0.0
11172 0.0
11203 0.0
11266 0.0
11313 0.0
11344 0.0
11391 -0.625
11422 0.0
11453 0.0
11485 0.0
11547 0.0
11578 -0.20833254
11625 0.0
11672 0.0
11719 0.0
11750 0.0
11797 0.0
11844 -0.20833254
11875 -0.20833254
11906 -0.3125
11953 0.0
12000 0.0
12031 0.0
12078 -0.3125
12110 0.0
12141 0.0
12188 -0.10416746
12235 0.0
12281 0.0
12313 -0.41666746
12344 -0.41666746
12375 0.0
12422 0.0
12453 -0.20833254
12485 -0.20833254
12531 -0.20833254
12563 0.0
12594 0.3125
12641 0.3125
12688 0.0
12719 -0.37499905
12750 0.0
12797 0.0
12828 0.0
12875 0.0
12938 0.0
12969 0.0
13000 -0.41666746
13047 -0.41666746
13094 0.0
13141 -0.3125
13172 0.0
13235 0.0
13281 0.0
13313 -0.3125
13375 0.0
13406 0.0
13453 0.0
13500 0.0
13531 0.0
13563 0.0
13610 0.0
13641 0.0
13688 0.0
13719 0.0
13750 -0.10416746
13797 -0.26785612
13828 -0.26785612
13860 0.0
13891 0.0
13938 0.0
13969 -0.20833254
14000 0.0
14047 0.0
14078 -0.10416746
14141 -0.10416746
14172 -0.52083254
14219 0.0
14266 0.0
14313 0.0
14360 0.0
14391 0.0
14422 0.0
14469 -0.10416746
14500 0.0
14531 -0.20833254
14610 0.0
14641 0.0
14703 0.0
14735 -0.625
14781 -1.7708325
14813 -2.7083325
14844 -5.0
14875 -6.875
14922 -8.333332
14953 -9.464285
15016 -9.464285
15047 -1.0416675
15094 -1.8181825
15125 -4.53125
15172 -5.5208325
15203 -1.6666675
15235 -1.6666675
15281 5.9375
15344 -6.085527
15375 3.229165
15422 0.9375
15453 -1.0416675
15485 -4.618056
15516 -4.618056
15563 -8.923612
15594 -8.923612
15641 -13.993055
15688 -13.993055
15719 -13.4375
15781 -13.4375
15828 -14.0625
15860 -15.208332
15906 -14.53125
15969 -14.53125
16000 -16.5625
16063 -16.5625
16125 -18.125
16156 -16.875
16188 -17.1875
16219 -17.1875
16266 -16.875
16297 -14.6875
16328 -14.375
16360 -13.333332
16406 -14.548612
16453 -12.430555
16485 -9.826388
16516 -8.333332
16563 -6.875
16610 -6.875
16641 -3.9583325
16672 -3.9583325
16719 -2.2916675
16781 -2.2916675
16828 -0.6597233
16875 1.9097233
16922 1.8055558
16985 1.7361116
17016 1.3750005
17047 0.52083254
17094 -0.42763233
17141 -1.0416675
17172 -1.25
17219 -1.5460515
17250 -1.875
17313 -0.9722233
17344 0.48611164
17375 0.48611164
17406 1.25
17453 0.625
17485 0.625
17547 0.625
17594 1.0416675
17656 0.5555558
17703 0.625
17750 1.5972233
17781 1.0416675
17813 0.83333254
17860 1.4583325
17891 0.83333254
17922 0.6944442
17969 0.6944442
18016 0.6944442
18047 1.4236116
18078 1.0416675
18125 1.0416675
18172 0.52083254
18219 0.72916746
18250 0.625
18281 1.25
18328 1.0069442
18375 0.625
18406 1.0526323
18485 0.625
18516 0.5555558
18547 0.5555558
18594 0.48611164
18625 1.4583325
18672 0.83333254
18703 0.83333254
18735 0.8680558
18797 0.83333254
18844 0.625
18875 0.625
18953 0.41666746
19000 0.625
19031 0.6944442
19078 0.6944442
19125 0.5555558
19156 0.5555558
19203 0.625
19250 0.83333254
19297 0.6597233
19344 0.5555558
19375 0.41666746
19438 0.625
19485 0.625
19547 0.41666746
19578 0.41666746
19625 0.41666746
19672 0.41666746
19703 0.41666746
19766 0.41666746
19797 0.41666746
19860 0.41666746
19891 0.41666746
19953 0.5555558
20000 0.41666746
20031 0.41666746
20094 0.41666746
20125 0.34722328
20156 0.38194418
20203 0.38194418
20235 0.38194418
20281 0.27777672
20313 0.41666746
20375 0.41666746
20422 0.52083254
20500 0.45138836
20531 0.41666746
20563 0.41666746
20625 0.41666746
20672 0.24305582
20719 0.48611164
20750 0.20833254
20813 0.20833254
20844 0.20833254
20891 0.20833254
20938 0.41666746
20969 0.41666746
21000 0.24305582
21047 0.41666746
21094 0.20833254
21141 0.20833254
21203 0.3125
21250 0.20833254
21297 0.20833254
21328 0.27777672
21375 0.17361164
21438 0.20833254
21469 0.0
21500 0.0
21563 0.03472328
21610 0.0
21656 0.03472328
21688 0.20833254
21735 0.0
21766 -0.03472328
21813 -0.03472328
21844 0.0
21875 0.0
21922 0.0
21969 0.0
22000 0.0
22063 0.0
22094 0.0
22141 0.0
22172 0.0
22219 0.0
22250 0.0
22297 0.0
22344 0.0
22375 0.0
22422 0.0
22453 0.0
22485 -0.10416746
22531 -0.10416746
22578 0.0
22610 -0.10416746
22672 0.0
22703 0.0
22735 0.0
22781 0.0
22813 -0.06944418
22860 0.0
22891 0.0
22922 0.0
22969 0.0
23016 -0.06944418
23063 0.0
23094 0.0
23125 0.0
23172 0.0
23203 0.0
23250 0.0
23297 0.0
23344 0.0
23375 0.0
23422 0.0
23453 0.0
23485 0.0
23531 0.0
23563 0.06944418
23610 0.13888836
23641 0.20833254
23672 0.20833254
23719 0.20833254
23750 0.20833254
23797 0.20833254
23828 0.10416746
23860 0.10416746
23891 0.20833254
23938 0.20833254
24000 0.20833254
24031 0.20833254
24078 0.20833254
24125 0.20833254
24156 0.20833254
24203 0.20833254
24235 0.20833254
24281 0.20833254
24313 0.20833254
24360 0.20833254
24391 0.20833254
24438 0.20833254
24485 0.20833254
24531 0.45138836
24563 0.20833254
24625 0.20833254
24656 0.52083254
24703 0.52083254
24735 0.52083254
24797 0.5555558
24828 0.9539485
24875 0.9539485
24922 0.72916746
24969 0.5555558
25016 0.72916746
25063 0.72916746
25110 0.5902767
25156 0.5555558
25203 0.83333254
25235 1.0416675
25281 1.0416675
25313 1.0416675
25360 1.0416675
25406 1.2152767
25469 1.1458325
25516 1.1458325
25547 1.2152767
25578 1.2152767
25610 1.0416675
25656 1.25
25703 1.25
25735 1.25
25781 1.25
25813 1.25
25844 1.25
25906 1.4583325
25953 1.7361116
26016 2.5
26047 1.7013884
26094 2.7083325
26156 1.8055558
26203 2.4671054
26235 1.6666675
26281 1.6666675
26313 3.0592108
26360 2.4652767
26391 2.6736116
26438 2.6736116
26469 2.1875
26516 2.1875
26547 2.6388884
26578 2.6388884
26625 2.0065784
26656 2.9861116
26688 4.375
26735 4.375
26766 4.791665
26844 5.416665
26875 1.8055558
26922 2.5
26969 2.6041675
27000 3.854165
27047 5.3472233
27078 5.0
27125 5.0
27172 6.5972233
27235 6.2152767
27266 4.967103
27297 4.967103
27360 4.9652767
27406 5.0
27453 5.2430534
27500 5.4276323
27563 6.6447353
27594 6.979165
27641 6.979165
27688 4.6634626
27735 4.479165
27766 4.6875
27797 6.145835
27844 6.25
27875 5.989585
27906 6.614585
27969 6.614585
28016 10.104165
28063 10.260415
28110 8.854165
28156 8.854165
28188 10.15625
28235 10.15625
28281 9.545455
28313 9.6875
28344 10.15625
28406 10.15625
28438 9.0625
28469 9.6875
28516 9.6875
28578 10.625
28625 10.625
28672 11.041665
28719 11.041665
28750 10.0
28813 10.0
28844 NaN
28875 NaN
28906 12.5
28969 12.5
29016 10.0
29063 10.0
29094 9.479165
29156 8.75
29188 NaN
29250 NaN
29297 10.625
29328 10.625
29360 10.625
29406 10.625
29453 10.520835
29485 10.0
29531 9.479165
29578 9.375
29610 10.520835
29656 10.520835
29688 10.625
29719 10.3125
29781 9.947915
29813 9.947915
29875 9.375
29906 9.791665
29938 10.46875
29985 10.46875
30031 10.625
30078 10.364585
30125 9.0625
30156 9.270835
30188 9.791665
30235 9.375
30266 9.375
30297 8.75
30344 7.864585
30391 8.854165
30422 9.635415
30469 9.635415
30516 9.375
30563 7.740383
30594 7.8125
30641 7.8125
30672 8.125
30719 8.125
30750 7.8125
30797 7.8125
30828 8.125
30891 8.125
30922 8.125
30969 7.1875
31016 7.1875
31047 7.1875
31110 7.34375
31141 8.125
31188 8.125
31235 8.020835
31281 7.34375
31328 7.1875
31360 7.1875
31406 7.135415
31438 7.1875
31469 7.1875
31516 7.1875
31563 7.03125
31610 6.875
31656 7.115383
31703 6.875
31766 6.875
31797 6.875
31828 6.875
31860 6.875
31906 6.875
31953 6.875
31985 6.822915
32031 6.822915
32078 6.875
32125 6.875
32156 6.71875
32203 7.1875
32250 7.1875
32313 7.1875
32344 7.083335
32391 7.083335
32422 6.666665
32485 6.666665
32516 5.3125
32578 5.3125
32625 5.9375
32656 5.9375
32688 5.625
32735 5.3125
32766 5.9375
32813 6.9852924
32844 5.3125
32891 7.03125
32938 7.03125
32985 7.083335
33016 7.1875
33047 7.1875
33094 6.875
33125 5.9375
33156 7.291665
33203 7.291665
33250 7.291665
33281 6.666665
33313 6.145835
33344 5.416665
33391 6.145835
33422 6.666665
33453 6.666665
33500 6.666665
33578 6.666665
33656 -0.625
33688 -0.625
33719 -0.625
33766 -0.625
33797 -0.3125
33828 -0.625
33860 -0.625
33906 -0.625
33922 -0.625
33969 -0.625
34000 -0.625
34031 -0.625
34078 -0.41666746
34125 0.0
34156 0.0
34188 0.0
34235 0.0
34266 -0.52083254
34313 -0.52083254
34344 0.0
34375 0.0
34406 0.0
34453 -0.41666746
34485 0.0
34516 0.0
34547 0.0
34594 0.0
34625 0.0
34688 0.0
34719 0.0
34750 0.0
34781 0.0
34828 0.0
34860 0.0
34891 -0.625
34938 0.0
34969 0.0
35016 0.0
35047 0.20833254
35094 0.0
35141 0.0
35188 0.0
35235 0.0
35281 0.0
35313 0.0
35344 0.0
35391 -0.41666746
35422 -0.10416746
35453 -0.10416746
35500 0.0
35531 0.0
35578 0.0
35625 0.0
35672 0.0
35703 -0.52083254
35766 -0.625
35813 -0.41666746
35844 -0.41666746
35891 -0.44642925
35938 0.0
35969 0.0
36016 0.0
36078 0.0
36110 0.0
36141 0.0
36188 -0.52083254
36219 -0.625
36250 -0.20833254
36313 0.0
36360 -0.3125
36391 0.0
36453 -0.10416746
36485 0.0
36516 0.0
36563 0.0
36610 0.0
36641 0.0
36672 0.0
36703 0.0
36750 0.0
36781 0.0
36813 0.0
36875 -0.20833254
36906 0.0
